mis x mis y mis tiempos
0 0 0
0.180312 0.180308 0.001
0.296984 0.296965 0.002
0.382474 0.382433 0.003
0.453516 0.453445 0.004
0.515897 0.515788 0.005
0.571985 0.571833 0.006
0.623113 0.62291 0.007
0.670178 0.669918 0.008
0.713837 0.713514 0.009
0.754587 0.754195 0.01
0.79282 0.792352 0.011
0.82885 0.828301 0.012
0.862932 0.862295 0.013
0.895278 0.894548 0.014
0.926066 0.925238 0.015
0.955447 0.954514 0.016
0.98355 0.982507 0.017
1.01049 1.00933 0.018
1.03635 1.03507 0.019
1.06124 1.05983 0.02
1.08522 1.08368 0.021
1.10835 1.10667 0.022
1.1307 1.12888 0.023
1.15232 1.15035 0.024
1.17327 1.17114 0.025
1.19357 1.19128 0.026
1.21327 1.21082 0.027
1.23241 1.22979 0.028
1.25102 1.24822 0.029
1.26913 1.26615 0.03
1.28676 1.2836 0.031
1.30395 1.30059 0.032
1.3207 1.31715 0.033
1.33706 1.3333 0.034
1.35302 1.34906 0.035
1.36862 1.36444 0.036
1.38387 1.37947 0.037
1.39879 1.39417 0.038
1.41339 1.40853 0.039
1.42768 1.42259 0.04
1.44168 1.43635 0.041
1.4554 1.44982 0.042
1.46885 1.46302 0.043
1.48204 1.47595 0.044
1.49498 1.48863 0.045
1.50768 1.50107 0.046
1.52015 1.51327 0.047
1.5324 1.52524 0.048
1.54444 1.537 0.049
1.55627 1.54854 0.05
1.5679 1.55988 0.051
1.57934 1.57102 0.052
1.5906 1.58197 0.053
1.60167 1.59274 0.054
1.61257 1.60332 0.055
1.6233 1.61374 0.056
1.63387 1.62398 0.057
1.64428 1.63406 0.058
1.65454 1.64399 0.059
1.66465 1.65375 0.06
1.67462 1.66337 0.061
1.68444 1.67285 0.062
1.69413 1.68218 0.063
1.70369 1.69138 0.064
1.71311 1.70044 0.065
1.72242 1.70937 0.066
1.7316 1.71818 0.067
1.74066 1.72686 0.068
1.74961 1.73542 0.069
1.75844 1.74386 0.07
1.76717 1.75219 0.071
1.77579 1.76041 0.072
1.78431 1.76851 0.073
1.79272 1.77652 0.074
1.80103 1.78441 0.075
1.80925 1.79221 0.076
1.81738 1.7999 0.077
1.82541 1.8075 0.078
1.83335 1.81501 0.079
1.84121 1.82242 0.08
1.84898 1.82974 0.081
1.85666 1.83697 0.082
1.86427 1.84411 0.083
1.87179 1.85117 0.084
1.87923 1.85814 0.085
1.8866 1.86503 0.086
1.89389 1.87185 0.087
1.90111 1.87858 0.088
1.90826 1.88524 0.089
1.91534 1.89182 0.09
1.92234 1.89832 0.091
1.92928 1.90476 0.092
1.93616 1.91112 0.093
1.94296 1.91741 0.094
1.94971 1.92363 0.095
1.95639 1.92978 0.096
1.96301 1.93587 0.097
1.96957 1.9419 0.098
1.97607 1.94785 0.099
1.98252 1.95375 0.1
1.9889 1.95958 0.101
1.99524 1.96536 0.102
2.00151 1.97107 0.103
2.00774 1.97672 0.104
2.01391 1.98232 0.105
2.02002 1.98786 0.106
2.02609 1.99334 0.107
2.03211 1.99877 0.108
2.03808 2.00414 0.109
2.04399 2.00946 0.11
2.04987 2.01472 0.111
2.05569 2.01994 0.112
2.06147 2.0251 0.113
2.06721 2.03021 0.114
2.0729 2.03528 0.115
2.07854 2.04029 0.116
2.08415 2.04526 0.117
2.08971 2.05018 0.118
2.09523 2.05505 0.119
2.1007 2.05987 0.12
2.10614 2.06465 0.121
2.11154 2.06939 0.122
2.1169 2.07408 0.123
2.12222 2.07873 0.124
2.1275 2.08333 0.125
2.13275 2.08789 0.126
2.13796 2.09241 0.127
2.14313 2.09689 0.128
2.14827 2.10133 0.129
2.15337 2.10572 0.13
2.15844 2.11008 0.131
2.16347 2.1144 0.132
2.16847 2.11868 0.133
2.17343 2.12292 0.134
2.17837 2.12712 0.135
2.18327 2.13128 0.136
2.18814 2.13541 0.137
2.19298 2.1395 0.138
2.19779 2.14356 0.139
2.20256 2.14758 0.14
2.20731 2.15156 0.141
2.21203 2.15551 0.142
2.21672 2.15943 0.143
2.22138 2.16331 0.144
2.22601 2.16715 0.145
2.23061 2.17097 0.146
2.23518 2.17475 0.147
2.23973 2.1785 0.148
2.24425 2.18221 0.149
2.24875 2.18589 0.15
2.25322 2.18955 0.151
2.25766 2.19317 0.152
2.26207 2.19676 0.153
2.26647 2.20032 0.154
2.27083 2.20385 0.155
2.27517 2.20735 0.156
2.27949 2.21082 0.157
2.28378 2.21426 0.158
2.28805 2.21767 0.159
2.2923 2.22105 0.16
2.29652 2.2244 0.161
2.30072 2.22773 0.162
2.3049 2.23103 0.163
2.30905 2.2343 0.164
2.31318 2.23754 0.165
2.3173 2.24075 0.166
2.32138 2.24394 0.167
2.32545 2.2471 0.168
2.3295 2.25024 0.169
2.33353 2.25335 0.17
2.33753 2.25643 0.171
2.34152 2.25949 0.172
2.34548 2.26252 0.173
2.34943 2.26553 0.174
2.35335 2.26851 0.175
2.35726 2.27147 0.176
2.36114 2.2744 0.177
2.36501 2.27731 0.178
2.36886 2.28019 0.179
2.37269 2.28305 0.18
2.3765 2.28589 0.181
2.3803 2.2887 0.182
2.38407 2.29149 0.183
2.38783 2.29426 0.184
2.39157 2.297 0.185
2.39529 2.29972 0.186
2.399 2.30242 0.187
2.40268 2.30509 0.188
2.40636 2.30775 0.189
2.41001 2.31038 0.19
2.41365 2.31299 0.191
2.41727 2.31557 0.192
2.42088 2.31814 0.193
2.42447 2.32068 0.194
2.42804 2.32321 0.195
2.4316 2.32571 0.196
2.43514 2.32819 0.197
2.43867 2.33065 0.198
2.44218 2.33309 0.199
2.44568 2.33551 0.2
2.44916 2.3379 0.201
2.45262 2.34028 0.202
2.45608 2.34264 0.203
2.45951 2.34498 0.204
2.46294 2.3473 0.205
2.46635 2.3496 0.206
2.46974 2.35187 0.207
2.47312 2.35413 0.208
2.47649 2.35637 0.209
2.47984 2.3586 0.21
2.48318 2.3608 0.211
2.48651 2.36298 0.212
2.48982 2.36515 0.213
2.49312 2.36729 0.214
2.49641 2.36942 0.215
2.49969 2.37153 0.216
2.50295 2.37362 0.217
2.5062 2.37569 0.218
2.50943 2.37775 0.219
2.51266 2.37979 0.22
2.51587 2.38181 0.221
2.51907 2.38381 0.222
2.52225 2.38579 0.223
2.52543 2.38776 0.224
2.52859 2.38971 0.225
2.53174 2.39164 0.226
2.53488 2.39355 0.227
2.53801 2.39545 0.228
2.54113 2.39733 0.229
2.54423 2.39919 0.23
2.54732 2.40104 0.231
2.55041 2.40287 0.232
2.55348 2.40468 0.233
2.55654 2.40648 0.234
2.55959 2.40826 0.235
2.56263 2.41002 0.236
2.56565 2.41177 0.237
2.56867 2.4135 0.238
2.57168 2.41522 0.239
2.57468 2.41692 0.24
2.57766 2.4186 0.241
2.58064 2.42027 0.242
2.5836 2.42192 0.243
2.58656 2.42356 0.244
2.5895 2.42518 0.245
2.59244 2.42678 0.246
2.59536 2.42837 0.247
2.59828 2.42995 0.248
2.60119 2.43151 0.249
2.60408 2.43305 0.25
2.60697 2.43458 0.251
2.60985 2.4361 0.252
2.61272 2.4376 0.253
2.61557 2.43908 0.254
2.61842 2.44055 0.255
2.62126 2.442 0.256
2.6241 2.44344 0.257
2.62692 2.44487 0.258
2.62973 2.44628 0.259
2.63253 2.44768 0.26
2.63533 2.44906 0.261
2.63812 2.45043 0.262
2.6409 2.45178 0.263
2.64366 2.45312 0.264
2.64643 2.45444 0.265
2.64918 2.45575 0.266
2.65192 2.45705 0.267
2.65466 2.45833 0.268
2.65739 2.4596 0.269
2.6601 2.46086 0.27
2.66282 2.4621 0.271
2.66552 2.46333 0.272
2.66821 2.46454 0.273
2.6709 2.46574 0.274
2.67358 2.46693 0.275
2.67625 2.4681 0.276
2.67891 2.46926 0.277
2.68157 2.47041 0.278
2.68422 2.47154 0.279
2.68686 2.47266 0.28
2.68949 2.47377 0.281
2.69211 2.47486 0.282
2.69473 2.47594 0.283
2.69734 2.47701 0.284
2.69994 2.47806 0.285
2.70254 2.4791 0.286
2.70513 2.48013 0.287
2.70771 2.48115 0.288
2.71028 2.48215 0.289
2.71285 2.48314 0.29
2.71541 2.48412 0.291
2.71796 2.48508 0.292
2.7205 2.48603 0.293
2.72304 2.48697 0.294
2.72557 2.4879 0.295
2.7281 2.48881 0.296
2.73062 2.48971 0.297
2.73313 2.4906 0.298
2.73563 2.49148 0.299
2.73813 2.49234 0.3
2.74062 2.4932 0.301
2.74311 2.49404 0.302
2.74558 2.49486 0.303
2.74805 2.49568 0.304
2.75052 2.49648 0.305
2.75298 2.49727 0.306
2.75543 2.49805 0.307
2.75788 2.49882 0.308
2.76032 2.49957 0.309
2.76275 2.50032 0.31
2.76518 2.50105 0.311
2.7676 2.50177 0.312
2.77001 2.50247 0.313
2.77242 2.50317 0.314
2.77482 2.50385 0.315
2.77722 2.50453 0.316
2.77961 2.50519 0.317
2.782 2.50584 0.318
2.78437 2.50647 0.319
2.78675 2.5071 0.32
2.78911 2.50771 0.321
2.79148 2.50831 0.322
2.79383 2.50891 0.323
2.79618 2.50949 0.324
2.79853 2.51005 0.325
2.80086 2.51061 0.326
2.8032 2.51116 0.327
2.80552 2.51169 0.328
2.80785 2.51221 0.329
2.81016 2.51272 0.33
2.81247 2.51322 0.331
2.81478 2.51371 0.332
2.81708 2.51419 0.333
2.81937 2.51466 0.334
2.82166 2.51511 0.335
2.82394 2.51556 0.336
2.82622 2.51599 0.337
2.82849 2.51642 0.338
2.83076 2.51683 0.339
2.83302 2.51723 0.34
2.83528 2.51762 0.341
2.83753 2.518 0.342
2.83978 2.51836 0.343
2.84202 2.51872 0.344
2.84426 2.51907 0.345
2.84649 2.5194 0.346
2.84872 2.51973 0.347
2.85094 2.52004 0.348
2.85315 2.52034 0.349
2.85537 2.52064 0.35
2.85757 2.52092 0.351
2.85977 2.52119 0.352
2.86197 2.52145 0.353
2.86416 2.5217 0.354
2.86635 2.52194 0.355
2.86853 2.52217 0.356
2.87071 2.52239 0.357
2.87288 2.52259 0.358
2.87505 2.52279 0.359
2.87721 2.52298 0.36
2.87937 2.52316 0.361
2.88152 2.52332 0.362
2.88367 2.52348 0.363
2.88582 2.52362 0.364
2.88796 2.52376 0.365
2.89009 2.52388 0.366
2.89222 2.524 0.367
2.89435 2.5241 0.368
2.89647 2.5242 0.369
2.89859 2.52428 0.37
2.9007 2.52435 0.371
2.90281 2.52442 0.372
2.90491 2.52447 0.373
2.90701 2.52451 0.374
2.90911 2.52455 0.375
2.9112 2.52457 0.376
2.91328 2.52458 0.377
2.91536 2.52459 0.378
2.91744 2.52458 0.379
2.91951 2.52456 0.38
2.92158 2.52453 0.381
2.92365 2.5245 0.382
2.92571 2.52445 0.383
2.92776 2.52439 0.384
2.92981 2.52433 0.385
2.93186 2.52425 0.386
2.9339 2.52416 0.387
2.93594 2.52407 0.388
2.93798 2.52396 0.389
2.94001 2.52385 0.39
2.94203 2.52372 0.391
2.94406 2.52358 0.392
2.94608 2.52344 0.393
2.94809 2.52328 0.394
2.9501 2.52312 0.395
2.95211 2.52295 0.396
2.95411 2.52276 0.397
2.95611 2.52257 0.398
2.9581 2.52236 0.399
2.96009 2.52215 0.4
2.96208 2.52193 0.401
2.96406 2.5217 0.402
2.96604 2.52146 0.403
2.96801 2.52121 0.404
2.96998 2.52094 0.405
2.97195 2.52067 0.406
2.97391 2.5204 0.407
2.97587 2.52011 0.408
2.97782 2.51981 0.409
2.97977 2.5195 0.41
2.98172 2.51918 0.411
2.98366 2.51886 0.412
2.9856 2.51852 0.413
2.98754 2.51818 0.414
2.98947 2.51782 0.415
2.99139 2.51746 0.416
2.99332 2.51708 0.417
2.99524 2.5167 0.418
2.99715 2.51631 0.419
2.99907 2.51591 0.42
3.00098 2.5155 0.421
3.00288 2.51508 0.422
3.00478 2.51465 0.423
3.00668 2.51421 0.424
3.00857 2.51377 0.425
3.01046 2.51331 0.426
3.01235 2.51284 0.427
3.01423 2.51237 0.428
3.01611 2.51189 0.429
3.01799 2.51139 0.43
3.01986 2.51089 0.431
3.02173 2.51038 0.432
3.02359 2.50986 0.433
3.02546 2.50933 0.434
3.02731 2.5088 0.435
3.02917 2.50825 0.436
3.03102 2.50769 0.437
3.03286 2.50713 0.438
3.03471 2.50656 0.439
3.03655 2.50597 0.44
3.03838 2.50538 0.441
3.04022 2.50478 0.442
3.04204 2.50417 0.443
3.04387 2.50356 0.444
3.04569 2.50293 0.445
3.04751 2.50229 0.446
3.04932 2.50165 0.447
3.05114 2.501 0.448
3.05294 2.50034 0.449
3.05475 2.49967 0.45
3.05655 2.49899 0.451
3.05835 2.4983 0.452
3.06014 2.4976 0.453
3.06193 2.4969 0.454
3.06372 2.49618 0.455
3.0655 2.49546 0.456
3.06728 2.49473 0.457
3.06906 2.49399 0.458
3.07083 2.49324 0.459
3.0726 2.49248 0.46
3.07437 2.49172 0.461
3.07613 2.49095 0.462
3.07789 2.49016 0.463
3.07965 2.48937 0.464
3.0814 2.48857 0.465
3.08315 2.48777 0.466
3.0849 2.48695 0.467
3.08664 2.48612 0.468
3.08838 2.48529 0.469
3.09012 2.48445 0.47
3.09185 2.4836 0.471
3.09358 2.48274 0.472
3.0953 2.48187 0.473
3.09703 2.481 0.474
3.09875 2.48012 0.475
3.10046 2.47922 0.476
3.10217 2.47832 0.477
3.10388 2.47742 0.478
3.10559 2.4765 0.479
3.10729 2.47558 0.48
3.10899 2.47464 0.481
3.11069 2.4737 0.482
3.11238 2.47275 0.483
3.11407 2.4718 0.484
3.11576 2.47083 0.485
3.11744 2.46986 0.486
3.11912 2.46887 0.487
3.1208 2.46788 0.488
3.12247 2.46689 0.489
3.12414 2.46588 0.49
3.12581 2.46487 0.491
3.12747 2.46384 0.492
3.12913 2.46281 0.493
3.13079 2.46178 0.494
3.13244 2.46073 0.495
3.13409 2.45968 0.496
3.13574 2.45861 0.497
3.13738 2.45754 0.498
3.13902 2.45647 0.499
3.14066 2.45538 0.5
3.1423 2.45429 0.501
3.14393 2.45318 0.502
3.14556 2.45208 0.503
3.14718 2.45096 0.504
3.1488 2.44983 0.505
3.15042 2.4487 0.506
3.15204 2.44756 0.507
3.15365 2.44641 0.508
3.15526 2.44526 0.509
3.15686 2.44409 0.51
3.15846 2.44292 0.511
3.16006 2.44174 0.512
3.16166 2.44055 0.513
3.16325 2.43936 0.514
3.16484 2.43816 0.515
3.16643 2.43695 0.516
3.16801 2.43573 0.517
3.16959 2.43451 0.518
3.17117 2.43327 0.519
3.17274 2.43203 0.52
3.17431 2.43079 0.521
3.17588 2.42953 0.522
3.17745 2.42827 0.523
3.17901 2.427 0.524
3.18057 2.42572 0.525
3.18212 2.42444 0.526
3.18367 2.42315 0.527
3.18522 2.42185 0.528
3.18677 2.42054 0.529
3.18831 2.41922 0.53
3.18985 2.4179 0.531
3.19138 2.41657 0.532
3.19292 2.41524 0.533
3.19445 2.41389 0.534
3.19597 2.41254 0.535
3.1975 2.41118 0.536
3.19902 2.40982 0.537
3.20054 2.40845 0.538
3.20205 2.40707 0.539
3.20356 2.40568 0.54
3.20507 2.40429 0.541
3.20657 2.40288 0.542
3.20808 2.40148 0.543
3.20958 2.40006 0.544
3.21107 2.39864 0.545
3.21256 2.39721 0.546
3.21405 2.39577 0.547
3.21554 2.39433 0.548
3.21702 2.39288 0.549
3.2185 2.39142 0.55
3.21998 2.38995 0.551
3.22146 2.38848 0.552
3.22293 2.387 0.553
3.2244 2.38552 0.554
3.22586 2.38402 0.555
3.22732 2.38253 0.556
3.22878 2.38102 0.557
3.23024 2.37951 0.558
3.23169 2.37799 0.559
3.23314 2.37646 0.56
3.23459 2.37493 0.561
3.23603 2.37339 0.562
3.23747 2.37184 0.563
3.23891 2.37028 0.564
3.24034 2.36872 0.565
3.24177 2.36716 0.566
3.2432 2.36558 0.567
3.24463 2.364 0.568
3.24605 2.36241 0.569
3.24747 2.36082 0.57
3.24889 2.35922 0.571
3.2503 2.35761 0.572
3.25171 2.356 0.573
3.25312 2.35438 0.574
3.25452 2.35275 0.575
3.25592 2.35112 0.576
3.25732 2.34948 0.577
3.25871 2.34783 0.578
3.26011 2.34618 0.579
3.2615 2.34452 0.58
3.26288 2.34286 0.581
3.26426 2.34118 0.582
3.26564 2.33951 0.583
3.26702 2.33782 0.584
3.2684 2.33613 0.585
3.26977 2.33443 0.586
3.27114 2.33273 0.587
3.2725 2.33102 0.588
3.27386 2.3293 0.589
3.27522 2.32758 0.59
3.27658 2.32585 0.591
3.27793 2.32412 0.592
3.27928 2.32237 0.593
3.28063 2.32063 0.594
3.28197 2.31887 0.595
3.28331 2.31711 0.596
3.28465 2.31535 0.597
3.28599 2.31358 0.598
3.28732 2.3118 0.599
3.28865 2.31002 0.6
3.28998 2.30823 0.601
3.2913 2.30643 0.602
3.29262 2.30463 0.603
3.29394 2.30282 0.604
3.29525 2.30101 0.605
3.29656 2.29919 0.606
3.29787 2.29736 0.607
3.29918 2.29553 0.608
3.30048 2.29369 0.609
3.30178 2.29185 0.61
3.30308 2.29 0.611
3.30437 2.28814 0.612
3.30566 2.28628 0.613
3.30695 2.28441 0.614
3.30824 2.28254 0.615
3.30952 2.28066 0.616
3.3108 2.27878 0.617
3.31207 2.27689 0.618
3.31335 2.27499 0.619
3.31462 2.27309 0.62
3.31589 2.27119 0.621
3.31715 2.26927 0.622
3.31841 2.26736 0.623
3.31967 2.26543 0.624
3.32093 2.2635 0.625
3.32218 2.26157 0.626
3.32343 2.25963 0.627
3.32468 2.25768 0.628
3.32593 2.25573 0.629
3.32717 2.25377 0.63
3.32841 2.25181 0.631
3.32964 2.24984 0.632
3.33087 2.24787 0.633
3.33211 2.24589 0.634
3.33333 2.24391 0.635
3.33456 2.24192 0.636
3.33578 2.23992 0.637
3.337 2.23792 0.638
3.33821 2.23592 0.639
3.33943 2.23391 0.64
3.34064 2.23189 0.641
3.34184 2.22987 0.642
3.34305 2.22784 0.643
3.34425 2.22581 0.644
3.34545 2.22377 0.645
3.34665 2.22173 0.646
3.34784 2.21968 0.647
3.34903 2.21763 0.648
3.35022 2.21557 0.649
3.3514 2.21351 0.65
3.35258 2.21144 0.651
3.35376 2.20937 0.652
3.35494 2.20729 0.653
3.35611 2.20521 0.654
3.35728 2.20312 0.655
3.35845 2.20103 0.656
3.35962 2.19893 0.657
3.36078 2.19683 0.658
3.36194 2.19472 0.659
3.36309 2.1926 0.66
3.36425 2.19049 0.661
3.3654 2.18836 0.662
3.36655 2.18624 0.663
3.36769 2.1841 0.664
3.36884 2.18197 0.665
3.36998 2.17982 0.666
3.37111 2.17768 0.667
3.37225 2.17552 0.668
3.37338 2.17337 0.669
3.37451 2.17121 0.67
3.37563 2.16904 0.671
3.37676 2.16687 0.672
3.37788 2.16469 0.673
3.379 2.16251 0.674
3.38011 2.16033 0.675
3.38122 2.15814 0.676
3.38233 2.15595 0.677
3.38344 2.15375 0.678
3.38455 2.15154 0.679
3.38565 2.14933 0.68
3.38675 2.14712 0.681
3.38784 2.14491 0.682
3.38894 2.14268 0.683
3.39003 2.14046 0.684
3.39111 2.13823 0.685
3.3922 2.13599 0.686
3.39328 2.13375 0.687
3.39436 2.13151 0.688
3.39544 2.12926 0.689
3.39651 2.12701 0.69
3.39759 2.12475 0.691
3.39865 2.12249 0.692
3.39972 2.12022 0.693
3.40078 2.11795 0.694
3.40185 2.11568 0.695
3.4029 2.1134 0.696
3.40396 2.11112 0.697
3.40501 2.10883 0.698
3.40606 2.10654 0.699
3.40711 2.10424 0.7
3.40816 2.10194 0.701
3.4092 2.09964 0.702
3.41024 2.09733 0.703
3.41128 2.09501 0.704
3.41231 2.0927 0.705
3.41334 2.09038 0.706
3.41437 2.08805 0.707
3.4154 2.08572 0.708
3.41642 2.08339 0.709
3.41744 2.08105 0.71
3.41846 2.07871 0.711
3.41948 2.07637 0.712
3.42049 2.07402 0.713
3.42151 2.07166 0.714
3.42251 2.06931 0.715
3.42352 2.06694 0.716
3.42452 2.06458 0.717
3.42552 2.06221 0.718
3.42652 2.05984 0.719
3.42752 2.05746 0.72
3.42851 2.05508 0.721
3.4295 2.05269 0.722
3.43049 2.05031 0.723
3.43147 2.04791 0.724
3.43246 2.04552 0.725
3.43344 2.04312 0.726
3.43442 2.04071 0.727
3.43539 2.03831 0.728
3.43636 2.03589 0.729
3.43733 2.03348 0.73
3.4383 2.03106 0.731
3.43927 2.02864 0.732
3.44023 2.02621 0.733
3.44119 2.02378 0.734
3.44215 2.02135 0.735
3.4431 2.01891 0.736
3.44405 2.01647 0.737
3.445 2.01403 0.738
3.44595 2.01158 0.739
3.4469 2.00913 0.74
3.44784 2.00667 0.741
3.44878 2.00421 0.742
3.44972 2.00175 0.743
3.45065 1.99928 0.744
3.45159 1.99681 0.745
3.45252 1.99434 0.746
3.45344 1.99187 0.747
3.45437 1.98939 0.748
3.45529 1.9869 0.749
3.45621 1.98442 0.75
3.45713 1.98193 0.751
3.45805 1.97943 0.752
3.45896 1.97694 0.753
3.45987 1.97444 0.754
3.46078 1.97193 0.755
3.46168 1.96942 0.756
3.46259 1.96691 0.757
3.46349 1.9644 0.758
3.46439 1.96188 0.759
3.46528 1.95936 0.76
3.46618 1.95684 0.761
3.46707 1.95431 0.762
3.46796 1.95178 0.763
3.46884 1.94925 0.764
3.46973 1.94672 0.765
3.47061 1.94418 0.766
3.47149 1.94163 0.767
3.47237 1.93909 0.768
3.47324 1.93654 0.769
3.47411 1.93399 0.77
3.47498 1.93143 0.771
3.47585 1.92887 0.772
3.47672 1.92631 0.773
3.47758 1.92375 0.774
3.47844 1.92118 0.775
3.4793 1.91861 0.776
3.48015 1.91604 0.777
3.48101 1.91346 0.778
3.48186 1.91088 0.779
3.48271 1.9083 0.78
3.48355 1.90571 0.781
3.4844 1.90312 0.782
3.48524 1.90053 0.783
3.48608 1.89794 0.784
3.48692 1.89534 0.785
3.48775 1.89274 0.786
3.48859 1.89013 0.787
3.48942 1.88753 0.788
3.49025 1.88492 0.789
3.49107 1.88231 0.79
3.4919 1.87969 0.791
3.49272 1.87707 0.792
3.49354 1.87445 0.793
3.49435 1.87183 0.794
3.49517 1.8692 0.795
3.49598 1.86658 0.796
3.49679 1.86394 0.797
3.4976 1.86131 0.798
3.49841 1.85867 0.799
3.49921 1.85603 0.8
3.50001 1.85339 0.801
3.50081 1.85074 0.802
3.50161 1.8481 0.803
3.5024 1.84545 0.804
3.50319 1.84279 0.805
3.50399 1.84014 0.806
3.50477 1.83748 0.807
3.50556 1.83482 0.808
3.50634 1.83215 0.809
3.50713 1.82949 0.81
3.5079 1.82682 0.811
3.50868 1.82415 0.812
3.50946 1.82147 0.813
3.51023 1.81879 0.814
3.511 1.81612 0.815
3.51177 1.81343 0.816
3.51254 1.81075 0.817
3.5133 1.80806 0.818
3.51406 1.80537 0.819
3.51482 1.80268 0.82
3.51558 1.79999 0.821
3.51634 1.79729 0.822
3.51709 1.79459 0.823
3.51784 1.79189 0.824
3.51859 1.78918 0.825
3.51934 1.78648 0.826
3.52008 1.78377 0.827
3.52083 1.78106 0.828
3.52157 1.77834 0.829
3.52231 1.77563 0.83
3.52305 1.77291 0.831
3.52378 1.77019 0.832
3.52451 1.76746 0.833
3.52524 1.76474 0.834
3.52597 1.76201 0.835
3.5267 1.75928 0.836
3.52742 1.75655 0.837
3.52815 1.75381 0.838
3.52887 1.75108 0.839
3.52959 1.74834 0.84
3.5303 1.7456 0.841
3.53102 1.74285 0.842
3.53173 1.74011 0.843
3.53244 1.73736 0.844
3.53315 1.73461 0.845
3.53385 1.73185 0.846
3.53456 1.7291 0.847
3.53526 1.72634 0.848
3.53596 1.72358 0.849
3.53666 1.72082 0.85
3.53735 1.71806 0.851
3.53805 1.71529 0.852
3.53874 1.71253 0.853
3.53943 1.70976 0.854
3.54012 1.70698 0.855
3.54081 1.70421 0.856
3.54149 1.70143 0.857
3.54217 1.69866 0.858
3.54285 1.69588 0.859
3.54353 1.69309 0.86
3.54421 1.69031 0.861
3.54488 1.68752 0.862
3.54556 1.68474 0.863
3.54623 1.68194 0.864
3.5469 1.67915 0.865
3.54756 1.67636 0.866
3.54823 1.67356 0.867
3.54889 1.67076 0.868
3.54955 1.66796 0.869
3.55021 1.66516 0.87
3.55087 1.66236 0.871
3.55153 1.65955 0.872
3.55218 1.65674 0.873
3.55283 1.65393 0.874
3.55348 1.65112 0.875
3.55413 1.64831 0.876
3.55477 1.64549 0.877
3.55542 1.64268 0.878
3.55606 1.63986 0.879
3.5567 1.63704 0.88
3.55734 1.63421 0.881
3.55798 1.63139 0.882
3.55861 1.62856 0.883
3.55925 1.62573 0.884
3.55988 1.6229 0.885
3.56051 1.62007 0.886
3.56113 1.61724 0.887
3.56176 1.6144 0.888
3.56238 1.61156 0.889
3.56301 1.60872 0.89
3.56363 1.60588 0.891
3.56424 1.60304 0.892
3.56486 1.6002 0.893
3.56548 1.59735 0.894
3.56609 1.5945 0.895
3.5667 1.59165 0.896
3.56731 1.5888 0.897
3.56792 1.58595 0.898
3.56852 1.58309 0.899
3.56913 1.58024 0.9
3.56973 1.57738 0.901
3.57033 1.57452 0.902
3.57093 1.57166 0.903
3.57153 1.5688 0.904
3.57212 1.56593 0.905
3.57272 1.56307 0.906
3.57331 1.5602 0.907
3.5739 1.55733 0.908
3.57449 1.55446 0.909
3.57508 1.55159 0.91
3.57566 1.54871 0.911
3.57624 1.54584 0.912
3.57683 1.54296 0.913
3.57741 1.54008 0.914
3.57798 1.5372 0.915
3.57856 1.53432 0.916
3.57913 1.53143 0.917
3.57971 1.52855 0.918
3.58028 1.52566 0.919
3.58085 1.52277 0.92
3.58142 1.51989 0.921
3.58198 1.51699 0.922
3.58255 1.5141 0.923
3.58311 1.51121 0.924
3.58367 1.50831 0.925
3.58423 1.50542 0.926
3.58479 1.50252 0.927
3.58535 1.49962 0.928
3.5859 1.49672 0.929
3.58646 1.49381 0.93
3.58701 1.49091 0.931
3.58756 1.488 0.932
3.58811 1.4851 0.933
3.58865 1.48219 0.934
3.5892 1.47928 0.935
3.58974 1.47637 0.936
3.59028 1.47346 0.937
3.59082 1.47054 0.938
3.59136 1.46763 0.939
3.5919 1.46471 0.94
3.59243 1.46179 0.941
3.59297 1.45887 0.942
3.5935 1.45595 0.943
3.59403 1.45303 0.944
3.59456 1.45011 0.945
3.59509 1.44718 0.946
3.59561 1.44426 0.947
3.59614 1.44133 0.948
3.59666 1.4384 0.949
3.59718 1.43547 0.95
3.5977 1.43254 0.951
3.59822 1.42961 0.952
3.59874 1.42667 0.953
3.59925 1.42374 0.954
3.59976 1.4208 0.955
3.60028 1.41786 0.956
3.60079 1.41493 0.957
3.6013 1.41199 0.958
3.6018 1.40905 0.959
3.60231 1.4061 0.96
3.60281 1.40316 0.961
3.60332 1.40021 0.962
3.60382 1.39727 0.963
3.60432 1.39432 0.964
3.60482 1.39137 0.965
3.60531 1.38842 0.966
3.60581 1.38547 0.967
3.6063 1.38252 0.968
3.60679 1.37957 0.969
3.60728 1.37661 0.97
3.60777 1.37366 0.971
3.60826 1.3707 0.972
3.60875 1.36774 0.973
3.60923 1.36478 0.974
3.60972 1.36182 0.975
3.6102 1.35886 0.976
3.61068 1.3559 0.977
3.61116 1.35294 0.978
3.61164 1.34997 0.979
3.61211 1.34701 0.98
3.61259 1.34404 0.981
3.61306 1.34107 0.982
3.61353 1.3381 0.983
3.61401 1.33513 0.984
3.61447 1.33216 0.985
3.61494 1.32919 0.986
3.61541 1.32622 0.987
3.61587 1.32324 0.988
3.61634 1.32027 0.989
3.6168 1.31729 0.99
3.61726 1.31432 0.991
3.61772 1.31134 0.992
3.61818 1.30836 0.993
3.61864 1.30538 0.994
3.61909 1.3024 0.995
3.61954 1.29941 0.996
3.62 1.29643 0.997
3.62045 1.29345 0.998
3.6209 1.29046 0.999
3.62135 1.28747 1
3.62179 1.28449 1.001
3.62224 1.2815 1.002
3.62268 1.27851 1.003
3.62313 1.27552 1.004
3.62357 1.27253 1.005
3.62401 1.26954 1.006
3.62445 1.26654 1.007
3.62489 1.26355 1.008
3.62532 1.26055 1.009
3.62576 1.25756 1.01
3.62619 1.25456 1.011
3.62662 1.25156 1.012
3.62705 1.24856 1.013
3.62748 1.24556 1.014
3.62791 1.24256 1.015
3.62834 1.23956 1.016
3.62877 1.23656 1.017
3.62919 1.23356 1.018
3.62961 1.23055 1.019
3.63004 1.22755 1.02
3.63046 1.22454 1.021
3.63088 1.22153 1.022
3.63129 1.21853 1.023
3.63171 1.21552 1.024
3.63213 1.21251 1.025
3.63254 1.2095 1.026
3.63295 1.20649 1.027
3.63337 1.20347 1.028
3.63378 1.20046 1.029
3.63419 1.19745 1.03
3.63459 1.19443 1.031
3.635 1.19142 1.032
3.63541 1.1884 1.033
3.63581 1.18538 1.034
3.63622 1.18237 1.035
3.63662 1.17935 1.036
3.63702 1.17633 1.037
3.63742 1.17331 1.038
3.63782 1.17029 1.039
3.63821 1.16727 1.04
3.63861 1.16424 1.041
3.639 1.16122 1.042
3.6394 1.1582 1.043
3.63979 1.15517 1.044
3.64018 1.15214 1.045
3.64057 1.14912 1.046
3.64096 1.14609 1.047
3.64135 1.14306 1.048
3.64173 1.14003 1.049
3.64212 1.137 1.05
3.6425 1.13397 1.051
3.64288 1.13094 1.052
3.64327 1.12791 1.053
3.64365 1.12488 1.054
3.64403 1.12184 1.055
3.6444 1.11881 1.056
3.64478 1.11578 1.057
3.64516 1.11274 1.058
3.64553 1.1097 1.059
3.6459 1.10667 1.06
3.64628 1.10363 1.061
3.64665 1.10059 1.062
3.64702 1.09755 1.063
3.64739 1.09451 1.064
3.64775 1.09147 1.065
3.64812 1.08843 1.066
3.64849 1.08539 1.067
3.64885 1.08235 1.068
3.64921 1.0793 1.069
3.64958 1.07626 1.07
3.64994 1.07322 1.071
3.6503 1.07017 1.072
3.65066 1.06712 1.073
3.65101 1.06408 1.074
3.65137 1.06103 1.075
3.65173 1.05798 1.076
3.65208 1.05493 1.077
3.65243 1.05189 1.078
3.65279 1.04884 1.079
3.65314 1.04579 1.08
3.65349 1.04273 1.081
3.65384 1.03968 1.082
3.65419 1.03663 1.083
3.65453 1.03358 1.084
3.65488 1.03052 1.085
3.65522 1.02747 1.086
3.65557 1.02441 1.087
3.65591 1.02136 1.088
3.65625 1.0183 1.089
3.65659 1.01525 1.09
3.65693 1.01219 1.091
3.65727 1.00913 1.092
3.65761 1.00607 1.093
3.65794 1.00301 1.094
3.65828 0.999955 1.095
3.65861 0.996895 1.096
3.65895 0.993834 1.097
3.65928 0.990773 1.098
3.65961 0.987711 1.099
3.65994 0.984648 1.1
3.66027 0.981585 1.101
3.6606 0.978522 1.102
3.66092 0.975458 1.103
3.66125 0.972393 1.104
3.66158 0.969328 1.105
3.6619 0.966262 1.106
3.66222 0.963195 1.107
3.66255 0.960128 1.108
3.66287 0.957061 1.109
3.66319 0.953993 1.11
3.66351 0.950924 1.111
3.66382 0.947855 1.112
3.66414 0.944786 1.113
3.66446 0.941716 1.114
3.66477 0.938645 1.115
3.66509 0.935574 1.116
3.6654 0.932502 1.117
3.66571 0.92943 1.118
3.66602 0.926357 1.119
3.66633 0.923284 1.12
3.66664 0.92021 1.121
3.66695 0.917136 1.122
3.66726 0.914061 1.123
3.66757 0.910986 1.124
3.66787 0.90791 1.125
3.66818 0.904834 1.126
3.66848 0.901757 1.127
3.66878 0.89868 1.128
3.66908 0.895602 1.129
3.66939 0.892524 1.13
3.66969 0.889445 1.131
3.66998 0.886366 1.132
3.67028 0.883286 1.133
3.67058 0.880206 1.134
3.67088 0.877126 1.135
3.67117 0.874045 1.136
3.67147 0.870963 1.137
3.67176 0.867881 1.138
3.67205 0.864799 1.139
3.67234 0.861716 1.14
3.67263 0.858633 1.141
3.67292 0.855549 1.142
3.67321 0.852464 1.143
3.6735 0.84938 1.144
3.67379 0.846295 1.145
3.67408 0.843209 1.146
3.67436 0.840123 1.147
3.67465 0.837037 1.148
3.67493 0.83395 1.149
3.67521 0.830862 1.15
3.67549 0.827775 1.151
3.67578 0.824686 1.152
3.67606 0.821598 1.153
3.67633 0.818509 1.154
3.67661 0.815419 1.155
3.67689 0.812329 1.156
3.67717 0.809239 1.157
3.67744 0.806148 1.158
3.67772 0.803057 1.159
3.67799 0.799966 1.16
3.67827 0.796874 1.161
3.67854 0.793782 1.162
3.67881 0.790689 1.163
3.67908 0.787596 1.164
3.67935 0.784502 1.165
3.67962 0.781408 1.166
3.67989 0.778314 1.167
3.68015 0.775219 1.168
3.68042 0.772124 1.169
3.68069 0.769029 1.17
3.68095 0.765933 1.171
3.68122 0.762837 1.172
3.68148 0.75974 1.173
3.68174 0.756643 1.174
3.682 0.753546 1.175
3.68226 0.750448 1.176
3.68252 0.74735 1.177
3.68278 0.744251 1.178
3.68304 0.741152 1.179
3.6833 0.738053 1.18
3.68356 0.734954 1.181
3.68381 0.731854 1.182
3.68407 0.728753 1.183
3.68432 0.725653 1.184
3.68458 0.722552 1.185
3.68483 0.71945 1.186
3.68508 0.716349 1.187
3.68533 0.713247 1.188
3.68558 0.710144 1.189
3.68583 0.707041 1.19
3.68608 0.703938 1.191
3.68633 0.700835 1.192
3.68658 0.697731 1.193
3.68682 0.694627 1.194
3.68707 0.691522 1.195
3.68731 0.688418 1.196
3.68756 0.685313 1.197
3.6878 0.682207 1.198
3.68804 0.679101 1.199
3.68829 0.675995 1.2
3.68853 0.672889 1.201
3.68877 0.669782 1.202
3.68901 0.666675 1.203
3.68925 0.663568 1.204
3.68948 0.66046 1.205
3.68972 0.657352 1.206
3.68996 0.654244 1.207
3.69019 0.651135 1.208
3.69043 0.648026 1.209
3.69066 0.644917 1.21
3.6909 0.641807 1.211
3.69113 0.638697 1.212
3.69136 0.635587 1.213
3.69159 0.632477 1.214
3.69183 0.629366 1.215
3.69206 0.626255 1.216
3.69229 0.623144 1.217
3.69251 0.620032 1.218
3.69274 0.61692 1.219
3.69297 0.613808 1.22
3.6932 0.610695 1.221
3.69342 0.607582 1.222
3.69365 0.604469 1.223
3.69387 0.601356 1.224
3.6941 0.598242 1.225
3.69432 0.595128 1.226
3.69454 0.592014 1.227
3.69476 0.588899 1.228
3.69498 0.585785 1.229
3.6952 0.58267 1.23
3.69542 0.579554 1.231
3.69564 0.576439 1.232
3.69586 0.573323 1.233
3.69608 0.570207 1.234
3.69629 0.56709 1.235
3.69651 0.563974 1.236
3.69673 0.560857 1.237
3.69694 0.55774 1.238
3.69716 0.554622 1.239
3.69737 0.551504 1.24
3.69758 0.548386 1.241
3.69779 0.545268 1.242
3.69801 0.54215 1.243
3.69822 0.539031 1.244
3.69843 0.535912 1.245
3.69864 0.532793 1.246
3.69885 0.529673 1.247
3.69905 0.526553 1.248
3.69926 0.523433 1.249
3.69947 0.520313 1.25
3.69967 0.517193 1.251
3.69988 0.514072 1.252
3.70008 0.510951 1.253
3.70029 0.50783 1.254
3.70049 0.504708 1.255
3.7007 0.501587 1.256
3.7009 0.498465 1.257
3.7011 0.495343 1.258
3.7013 0.49222 1.259
3.7015 0.489098 1.26
3.7017 0.485975 1.261
3.7019 0.482852 1.262
3.7021 0.479729 1.263
3.7023 0.476605 1.264
3.70249 0.473481 1.265
3.70269 0.470357 1.266
3.70289 0.467233 1.267
3.70308 0.464109 1.268
3.70328 0.460984 1.269
3.70347 0.457859 1.27
3.70367 0.454734 1.271
3.70386 0.451609 1.272
3.70405 0.448484 1.273
3.70424 0.445358 1.274
3.70444 0.442232 1.275
3.70463 0.439106 1.276
3.70482 0.435979 1.277
3.70501 0.432853 1.278
3.70519 0.429726 1.279
3.70538 0.426599 1.28
3.70557 0.423472 1.281
3.70576 0.420345 1.282
3.70594 0.417217 1.283
3.70613 0.414089 1.284
3.70632 0.410961 1.285
3.7065 0.407833 1.286
3.70668 0.404705 1.287
3.70687 0.401576 1.288
3.70705 0.398447 1.289
3.70723 0.395319 1.29
3.70742 0.392189 1.291
3.7076 0.38906 1.292
3.70778 0.38593 1.293
3.70796 0.382801 1.294
3.70814 0.379671 1.295
3.70832 0.376541 1.296
3.70849 0.37341 1.297
3.70867 0.37028 1.298
3.70885 0.367149 1.299
3.70903 0.364018 1.3
3.7092 0.360887 1.301
3.70938 0.357756 1.302
3.70955 0.354625 1.303
3.70973 0.351493 1.304
3.7099 0.348362 1.305
3.71008 0.34523 1.306
3.71025 0.342098 1.307
3.71042 0.338965 1.308
3.71059 0.335833 1.309
3.71077 0.3327 1.31
3.71094 0.329567 1.311
3.71111 0.326434 1.312
3.71128 0.323301 1.313
3.71145 0.320168 1.314
3.71161 0.317034 1.315
3.71178 0.313901 1.316
3.71195 0.310767 1.317
3.71212 0.307633 1.318
3.71228 0.304499 1.319
3.71245 0.301365 1.32
3.71261 0.29823 1.321
3.71278 0.295096 1.322
3.71294 0.291961 1.323
3.71311 0.288826 1.324
3.71327 0.285691 1.325
3.71343 0.282555 1.326
3.7136 0.27942 1.327
3.71376 0.276284 1.328
3.71392 0.273149 1.329
3.71408 0.270013 1.33
3.71424 0.266877 1.331
3.7144 0.263741 1.332
3.71456 0.260604 1.333
3.71472 0.257468 1.334
3.71488 0.254331 1.335
3.71504 0.251194 1.336
3.71519 0.248057 1.337
3.71535 0.24492 1.338
3.71551 0.241783 1.339
3.71566 0.238646 1.34
3.71582 0.235508 1.341
3.71597 0.23237 1.342
3.71613 0.229232 1.343
3.71628 0.226095 1.344
3.71644 0.222956 1.345
3.71659 0.219818 1.346
3.71674 0.21668 1.347
3.71689 0.213541 1.348
3.71704 0.210403 1.349
3.7172 0.207264 1.35
3.71735 0.204125 1.351
3.7175 0.200986 1.352
3.71765 0.197847 1.353
3.71779 0.194707 1.354
3.71794 0.191568 1.355
3.71809 0.188428 1.356
3.71824 0.185288 1.357
3.71839 0.182148 1.358
3.71853 0.179008 1.359
3.71868 0.175868 1.36
3.71883 0.172728 1.361
3.71897 0.169588 1.362
3.71912 0.166447 1.363
3.71926 0.163307 1.364
3.71941 0.160166 1.365
3.71955 0.157025 1.366
3.71969 0.153884 1.367
3.71983 0.150743 1.368
3.71998 0.147601 1.369
3.72012 0.14446 1.37
3.72026 0.141318 1.371
3.7204 0.138177 1.372
3.72054 0.135035 1.373
3.72068 0.131893 1.374
3.72082 0.128751 1.375
3.72096 0.125609 1.376
3.7211 0.122467 1.377
3.72124 0.119325 1.378
3.72138 0.116182 1.379
3.72151 0.113039 1.38
3.72165 0.109897 1.381
3.72179 0.106754 1.382
3.72192 0.103611 1.383
3.72206 0.100468 1.384
3.72219 0.0973248 1.385
3.72233 0.0941816 1.386
3.72246 0.0910382 1.387
3.7226 0.0878947 1.388
3.72273 0.0847511 1.389
3.72286 0.0816074 1.39
3.723 0.0784636 1.391
3.72313 0.0753197 1.392
3.72326 0.0721756 1.393
3.72339 0.0690315 1.394
3.72352 0.0658872 1.395
3.72365 0.0627429 1.396
3.72378 0.0595984 1.397
3.72391 0.0564539 1.398
3.72404 0.0533092 1.399
3.72417 0.0501645 1.4
3.7243 0.0470196 1.401
3.72443 0.0438746 1.402
3.72456 0.0407296 1.403
3.72468 0.0375844 1.404
3.72481 0.0344391 1.405
3.72494 0.0312938 1.406
3.72506 0.0281483 1.407
3.72519 0.0250027 1.408
3.72532 0.0218571 1.409
3.72544 0.0187113 1.41
3.72557 0.0155654 1.411
3.72569 0.0124195 1.412
3.72581 0.00927344 1.413
3.72594 0.0061273 1.414
3.72606 0.00298106 1.415
